[web.jpg]
filters=radsat=1,0.500000,0.500000,0.695906,0.000000;
moddate=58f5e426aa86d401
width=685
height=796
textactive=0
